tethysapp/dam_break/data/gssha_provo_flood/ProvoStochastic.ele
north: 4458816.000000
south: 4450176.000000
east: 448204.778793
west: 437224.778793
rows: 96
cols: 122
[rows 50 to 74 of 96, columns 0 to 54 of 122]
1367.580933 1367.583496 1369.811646 1369.272339 1369.347290 1370.054810 1369.596191 1369.636230 1369.784302 1369.859863 1369.828979 1370.593506 1370.626587 1370.667725 1370.349976 1371.548218 1371.802246 1371.238037 1371.128540 1371.481934 1372.982178 1373.409180 1373.856812 1374.056396 1374.141479 1374.018677 1373.528564 1373.043091 1373.879272 1374.926514 1375.366699 1375.421387 1375.289185 1375.212036 1375.272949 1375.447021 1375.745850 1376.097900 1376.774902 1377.324097 1377.662842 1378.076172 1378.571777 1379.337769 1379.985962 1380.769165 1381.422485 1381.725220 1381.699829 1381.713501 1381.783691 1382.204468 1382.734375 1383.292114 1383.811768
1367.578369 1369.439941 1369.436523 1369.419434 1369.427124 1369.515991 1369.556030 1369.589722 1369.715576 1370.007690 1369.797974 1369.626465 1369.667114 1369.714355 1370.032104 1371.378296 1372.193970 1372.004517 1371.819458 1372.785767 1373.328003 1373.514893 1373.624390 1373.655273 1373.578979 1373.313477 1372.917480 1372.702515 1373.121826 1373.998535 1374.668823 1374.917969 1374.895386 1374.895386 1375.036865 1375.345581 1375.715454 1376.111328 1376.520752 1376.916260 1377.329102 1377.783325 1378.432861 1379.035278 1379.641968 1380.325439 1381.039795 1381.784546 1382.280762 1381.964966 1381.854004 1381.924194 1382.355225 1382.893555 1383.386230
1367.575806 1369.434570 1369.594849 1369.604126 1369.590698 1369.574829 1369.549072 1369.524902 1369.561523 1369.774170 1369.977051 1369.585815 1369.865723 1370.064697 1370.383911 1371.052124 1371.443604 1371.848145 1372.352661 1372.798462 1373.000488 1373.157471 1373.235596 1373.192383 1373.028687 1372.795410 1372.617188 1372.591797 1372.780518 1373.363647 1373.898071 1374.261230 1374.448730 1374.580444 1374.791016 1375.122437 1375.462036 1375.775146 1376.098511 1376.499390 1377.063721 1377.561401 1378.086792 1378.626587 1379.176147 1379.815430 1380.531006 1381.353516 1383.357178 1383.113281 1382.121338 1382.237183 1382.126709 1382.578857 1383.279907
1367.573120 1367.570557 1369.577271 1369.610107 1369.599731 1369.566528 1369.527954 1369.512451 1369.509399 1369.541382 1369.657471 1369.545288 1369.504639 1369.828369 1369.993164 1370.188354 1370.436523 1370.884399 1371.392212 1371.889526 1372.379272 1372.632446 1372.763794 1372.713379 1372.565186 1372.437378 1372.393066 1372.478394 1372.647339 1373.041870 1373.390503 1373.729858 1374.026855 1374.293945 1374.535645 1374.823364 1375.110352 1375.374878 1375.676758 1376.222656 1376.703369 1377.185791 1377.685669 1378.187866 1378.682251 1379.269165 1379.906860 1380.566162 1382.308960 1384.420044 1381.933960 1383.298462 1381.994995 1382.304932 1383.662598
1367.588135 1367.567993 1369.545898 1369.608765 1369.610229 1369.595947 1369.532593 1369.510742 1369.484375 1369.465820 1369.467896 1369.473877 1369.463989 1369.453247 1369.490112 1369.570435 1369.731445 1370.141968 1370.607544 1371.072388 1371.567993 1372.078735 1372.266846 1372.279541 1372.234619 1372.161377 1372.208740 1372.340576 1372.508911 1372.723145 1373.021973 1373.377319 1373.684814 1374.002441 1374.263672 1374.493652 1374.758789 1375.043213 1375.444702 1375.854126 1376.327026 1376.802612 1377.277954 1377.755005 1378.224121 1378.758667 1379.301880 1379.826660 1380.715820 1382.442749 1381.746460 1381.559082 1381.178345 1381.527222 1383.264771
1367.576782 1367.565430 1369.550903 1369.608887 1369.611084 1369.605225 1369.541138 1369.503784 1369.447876 1369.421143 1369.417358 1369.407471 1369.386963 1369.369263 1369.390869 1369.430054 1369.516479 1369.756714 1370.140503 1370.607666 1371.073608 1371.462524 1371.834595 1371.981323 1371.981689 1371.945557 1372.059326 1372.226807 1372.360718 1372.502686 1372.757446 1373.120728 1373.422485 1373.708740 1373.973999 1374.165649 1374.473755 1374.798950 1375.135254 1375.503174 1375.953613 1376.429443 1376.878662 1377.325439 1377.783447 1378.261353 1378.724365 1379.115234 1379.741577 1381.192871 1383.539063 1382.576660 1380.792236 1381.097046 1382.074707
0.000000 1367.554077 1369.560303 1369.606934 1369.610962 1369.608765 1369.551636 1369.501465 1369.435547 1369.414795 1369.410522 1369.382935 1369.375854 1369.361816 1369.366455 1369.408936 1369.471558 1369.585571 1369.915649 1370.344116 1370.727417 1371.079712 1371.497681 1371.710083 1371.741211 1371.791992 1371.955566 1372.109131 1372.212158 1372.369507 1372.577026 1372.896240 1373.185913 1373.446899 1373.674072 1373.941406 1374.189575 1374.493652 1374.820801 1375.196777 1375.638672 1376.086792 1376.489014 1376.900879 1377.325562 1377.759521 1378.124878 1378.427856 1378.897705 1379.658203 1381.789429 1383.100830 1380.487549 1382.663574 1382.307251
0.000000 1367.542847 1369.425293 1369.591919 1369.609131 1369.610229 1369.571167 1369.519043 1369.470703 1369.264160 1369.285034 1369.306030 1369.326904 1369.347900 1369.387939 1369.416260 1369.481689 1369.598755 1369.916382 1370.236572 1370.519287 1370.853882 1371.116699 1371.394409 1371.528564 1371.714478 1371.897827 1371.991211 1372.067383 1372.229614 1372.431274 1372.677856 1372.932129 1373.146362 1373.382690 1373.569946 1373.838867 1374.152710 1374.504272 1374.916748 1375.367065 1375.723755 1376.104492 1376.497925 1376.873047 1377.240845 1377.550293 1377.846069 1378.165649 1378.599609 1379.525513 1381.035034 1380.182739 1383.647583 1382.013428
0.000000 1367.531494 1367.520142 1369.519165 1369.600342 1369.610352 1369.599487 1369.540649 1369.511597 1369.243164 1369.222290 1369.201294 1369.180298 1369.159424 1369.410034 1369.421753 1369.487061 1369.596802 1369.873901 1370.176025 1370.426392 1370.663574 1370.837524 1371.025513 1371.355957 1371.618530 1371.798096 1371.896118 1371.965820 1372.113037 1372.299927 1372.471924 1372.663452 1372.833374 1373.006104 1373.196899 1373.453247 1373.762573 1374.131592 1374.552368 1374.955688 1375.320068 1375.704102 1376.104004 1376.468750 1376.783936 1377.043823 1377.271606 1377.521851 1377.821045 1378.310303 1379.118286 1379.877930 1381.907593 1381.177246
0.000000 0.000000 1367.508789 1369.247314 1369.556152 1369.605713 1369.609863 1369.572266 1369.526978 1369.515991 1369.507935 1369.495605 1369.117554 1369.138428 1369.437134 1369.429810 1369.479980 1369.547119 1369.778809 1370.062500 1370.275391 1370.444702 1370.610596 1370.869507 1371.159790 1371.464844 1371.697021 1371.819214 1371.860840 1371.982910 1372.145996 1372.292358 1372.372192 1372.483521 1372.625366 1372.801392 1373.065063 1373.373901 1373.714966 1374.125610 1374.523315 1374.919434 1375.319580 1375.745117 1376.117554 1376.401978 1376.624878 1376.742188 1376.833618 1376.996948 1377.371094 1377.919556 1378.398315 1379.273193 1379.878540
0.000000 0.000000 1367.497437 1368.526367 1369.373535 1369.583130 1369.608276 1369.590454 1369.554199 1369.548584 1369.548218 1369.539063 1369.096558 1369.521362 1369.502197 1369.482666 1369.494629 1369.528320 1369.699951 1369.891479 1370.043701 1370.187012 1370.442749 1370.794800 1371.125488 1371.387939 1371.540161 1371.677368 1371.687744 1371.800659 1371.973022 1372.017456 1372.079346 1372.173462 1372.286011 1372.438965 1372.684692 1372.969971 1373.286743 1373.681641 1374.112549 1374.537231 1374.963989 1375.382568 1375.744873 1376.019775 1376.225830 1376.307861 1376.195190 1376.088623 1376.438354 1377.044312 1377.609985 1378.178711 1378.778809
0.000000 0.000000 1367.467407 1367.407227 1367.407104 1369.488647 1369.591553 1369.482544 1369.489258 1369.588867 1369.607544 1369.604248 1369.075684 1369.590698 1369.573120 1369.556152 1369.540771 1369.534912 1369.591187 1369.681030 1369.809082 1370.049683 1370.405518 1370.786133 1371.108887 1371.314941 1371.411133 1371.401001 1371.479126 1371.583984 1371.687378 1371.715088 1371.777954 1371.865356 1371.969849 1372.131348 1372.323730 1372.553833 1372.848145 1373.264526 1373.715820 1374.143311 1374.560303 1374.956787 1375.311890 1375.584473 1375.789429 1375.849854 1375.687622 1375.517456 1375.830322 1376.453613 1377.093262 1377.711304 1378.301636
0.000000 0.000000 0.000000 1367.407471 1367.406860 1369.168335 1369.519775 1369.257690 1369.340576 1369.622925 1369.676147 1369.698486 1369.054688 1369.694824 1369.672363 1369.646851 1369.624390 1369.600952 1369.611084 1369.655151 1369.817627 1370.203003 1370.563477 1370.872070 1371.116455 1371.248291 1371.266357 1371.171265 1371.148071 1371.259033 1371.335449 1371.367554 1371.427246 1371.504883 1371.625732 1371.784058 1371.955811 1372.193726 1372.488525 1372.916382 1373.343628 1373.702515 1374.078369 1374.474976 1374.840332 1375.122070 1375.317139 1375.375244 1375.255005 1375.216309 1375.529419 1376.068970 1376.659668 1377.268188 1377.848999
0.000000 0.000000 0.000000 1367.409668 1367.406616 1368.431519 1369.264160 1369.160889 1369.471436 1369.719360 1369.794556 1369.845825 1369.033691 1369.879150 1369.861328 1369.827393 1369.795654 1369.813721 1369.871704 1369.988159 1370.239380 1370.574585 1370.789551 1370.979858 1371.137939 1371.191895 1371.139893 1370.980103 1370.837646 1370.809692 1370.934692 1370.945923 1370.999634 1371.044556 1371.179932 1371.339722 1371.558960 1371.851196 1372.209351 1372.652954 1372.999878 1373.241333 1373.566284 1373.966309 1374.351318 1374.655151 1374.841187 1374.914063 1374.899902 1374.983276 1375.292480 1375.725830 1376.261841 1376.804810 1377.334839
0.000000 0.000000 0.000000 0.000000 1367.406494 1367.406250 1368.761475 1368.980225 1368.845215 1368.866211 1368.928955 1368.949951 1369.012817 1369.997925 1370.036499 1370.074219 1370.098022 1370.172485 1370.277832 1370.447266 1370.677002 1370.844604 1370.838867 1370.884521 1370.986206 1370.979004 1370.952515 1370.798828 1370.633545 1370.478882 1370.370239 1370.463501 1370.509521 1370.554932 1370.655396 1370.797119 1371.031982 1371.405762 1371.878784 1372.365356 1372.618164 1372.774536 1373.105469 1373.512939 1373.884033 1374.179077 1374.386108 1374.493896 1374.581665 1374.743652 1375.035034 1375.396484 1375.853394 1376.335449 1376.828125
0.000000 0.000000 0.000000 0.000000 0.000000 1367.406128 1368.239258 1368.803345 1368.824341 1368.887085 1368.908081 1368.970947 1368.991821 1370.047974 1370.140991 1370.236938 1370.312988 1370.411743 1370.536499 1370.687256 1370.861816 1370.963745 1370.783081 1370.654175 1370.655151 1370.656372 1370.692383 1370.614624 1370.496582 1370.318237 1370.034058 1369.930542 1370.062378 1370.124878 1370.176270 1370.255249 1370.409790 1370.810059 1371.459839 1372.020142 1372.287842 1372.503174 1372.860596 1373.239014 1373.527222 1373.767578 1373.986328 1374.142822 1374.273804 1374.456055 1374.717773 1375.011963 1375.381470 1375.878296 1376.426758
0.000000 0.000000 0.000000 0.000000 0.000000 1367.405884 1367.405640 1368.782715 1369.321533 1369.647949 1369.746948 1369.865479 1370.000854 1370.120117 1370.219727 1370.305420 1370.401855 1370.495972 1370.622314 1370.715698 1370.887207 1370.942749 1370.694458 1370.386719 1370.288086 1370.322266 1370.414917 1370.421753 1370.365967 1370.238159 1369.920898 1369.722778 1369.752930 1369.786377 1369.799805 1369.827271 1369.900269 1370.276367 1371.096069 1371.718018 1372.062012 1372.404663 1372.742432 1373.023071 1373.265869 1373.488403 1373.686646 1373.865723 1373.989136 1374.125122 1374.279419 1374.424683 1374.725708 1375.479370 1376.193970
0.000000 0.000000 0.000000 0.000000 0.000000 0.000000 1367.405518 1368.823853 1369.148682 1369.596802 1369.754150 1369.899048 1370.036743 1370.137939 1370.223389 1370.314209 1370.401978 1370.516357 1370.613403 1370.661987 1370.878906 1370.860596 1370.511963 1370.081055 1369.964722 1370.044556 1370.160522 1370.222656 1370.227783 1370.163330 1369.877319 1369.692505 1369.639648 1369.622070 1369.604492 1369.747192 1369.859009 1370.206543 1370.885620 1371.442505 1371.852783 1372.212158 1372.492310 1372.748901 1373.029541 1373.272949 1373.463623 1373.624512 1373.720581 1373.758423 1373.755005 1373.602173 1373.662598 1375.136841 1376.071045
0.000000 0.000000 0.000000 0.000000 0.000000 0.000000 1367.405273 1367.405029 1368.977783 1369.607910 1369.805420 1369.920654 1370.018188 1370.105591 1370.199585 1370.289917 1370.375244 1370.514404 1370.572144 1370.648193 1370.805298 1370.700317 1370.204346 1369.784424 1369.738770 1369.824097 1369.958496 1370.032471 1370.050171 1370.056030 1369.856445 1369.674927 1369.657349 1369.791870 1369.586792 1369.821045 1370.047852 1370.395752 1370.795532 1371.209351 1371.608887 1371.945679 1372.226563 1372.512695 1372.807617 1373.060181 1373.248047 1373.368286 1373.427490 1373.413574 1373.286743 1373.001587 1372.816284 1374.488770 1375.768921
0.000000 0.000000 0.000000 0.000000 0.000000 0.000000 0.000000 1367.404907 1368.833496 1369.557251 1369.789673 1369.891724 1369.987061 1370.081665 1370.175537 1370.260620 1370.361450 1370.492432 1370.522583 1370.610107 1370.721069 1370.519287 1369.948975 1369.638062 1369.626587 1369.667725 1369.799683 1369.851807 1369.830688 1369.912231 1369.849121 1369.665527 1369.676147 1369.664795 1369.569214 1369.561401 1369.924683 1370.338379 1370.715332 1371.062134 1371.379150 1371.678345 1371.972656 1372.278687 1372.575439 1372.837158 1373.025757 1373.106201 1373.118164 1373.095703 1372.970459 1372.664429 1372.477539 1373.576416 1375.149292
0.000000 0.000000 0.000000 0.000000 0.000000 0.000000 0.000000 1367.404663 1367.404419 1369.468018 1369.757202 1369.866821 1369.966309 1370.062378 1370.147949 1370.266479 1370.396851 1370.442749 1370.512817 1370.581665 1370.638550 1370.364868 1369.628540 1369.510376 1369.602539 1369.614502 1369.682739 1369.701294 1368.754150 1368.716675 1369.813110 1369.655029 1369.623901 1369.598999 1369.553833 1369.556030 1369.842529 1370.229858 1370.566528 1370.878052 1371.168823 1371.435303 1371.724243 1372.022217 1372.317505 1372.592773 1372.760254 1372.804321 1372.789795 1372.754761 1372.661987 1372.434814 1372.351563 1372.992554 1374.239136
0.000000 0.000000 0.000000 0.000000 0.000000 0.000000 0.000000 1367.574219 1367.404297 1369.359375 1369.723877 1369.846436 1369.947632 1370.036255 1370.150513 1370.283569 1370.385742 1370.450928 1370.521484 1370.556030 1370.571777 1370.280762 1369.167236 1369.129639 1369.595703 1369.610718 1369.621582 1369.626831 1368.791748 1368.679077 1369.752930 1369.647095 1369.613525 1369.591064 1369.551758 1369.561523 1369.805420 1370.080811 1370.403198 1370.675171 1370.905273 1371.148804 1371.445801 1371.741577 1372.022461 1372.273804 1372.422119 1372.459595 1372.441772 1372.423218 1372.350220 1372.228882 1372.324707 1372.796997 1373.521851
0.000000 0.000000 0.000000 0.000000 0.000000 0.000000 0.000000 1367.404053 1367.404053 1369.245117 1369.686523 1369.828369 1369.945313 1370.040283 1370.167114 1370.327637 1370.399536 1370.473389 1370.496460 1370.492188 1370.508301 1370.235107 1369.204712 1369.092163 1369.593506 1369.610840 1369.611328 1369.611694 1368.829224 1368.641602 1369.666382 1369.629761 1369.612305 1369.591919 1369.541870 1369.535278 1369.682495 1369.904907 1370.154053 1370.468750 1370.657715 1370.851929 1371.127808 1371.411865 1371.657104 1371.849121 1372.007568 1372.081177 1372.087891 1372.108765 1372.074463 1372.070679 1372.291748 1372.692383 1373.145752
0.000000 0.000000 0.000000 0.000000 0.000000 0.000000 0.000000 1367.404053 1367.404053 1369.038574 1369.623535 1369.833130 1369.931152 1370.045654 1370.216431 1370.334717 1370.391479 1370.445435 1370.440674 1370.418457 1370.468994 1370.211670 1369.242310 1369.054565 1369.016968 1368.979492 1368.941895 1368.904419 1368.866821 1368.604004 1368.566406 1369.614380 1369.611450 1369.602661 1369.548584 1369.518066 1369.550171 1369.706543 1369.941895 1370.161865 1370.426636 1370.570190 1370.766113 1370.987305 1371.207275 1371.370605 1371.561035 1371.665161 1371.712769 1371.801147 1371.835815 1371.939331 1372.214355 1372.534302 1372.855225
0.000000 0.000000 0.000000 0.000000 0.000000 0.000000 0.000000 0.000000 1367.404053 1368.746582 1369.623413 1369.812988 1369.930542 1370.070435 1370.236206 1370.310791 1370.364136 1370.389893 1370.370972 1370.352905 1370.427734 1370.213623 1369.342163 1369.352417 1369.583374 1369.608765 1369.610962 1369.611084 1368.453857 1368.491333 1368.528931 1369.611084 1369.611084 1369.610229 1369.587158 1369.512573 1369.365234 1369.365356 1369.650146 1369.898193 1370.040405 1370.256958 1370.390259 1370.555786 1370.742432 1370.905273 1371.077393 1371.205322 1371.332886 1371.497559 1371.617554 1371.784790 1372.044678 1372.311523 1372.610718
