tethysapp/dam_break/data/gssha_provo_flood/ProvoStochastic.ele
north: 4458816.000000
south: 4450176.000000
east: 448204.778793
west: 437224.778793
rows: 96
cols: 122
[rows 50 to 74 of 96, columns 55 to 109 of 122]
1384.236450 1384.572021 1384.839111 1385.160645 1385.318115 1386.009521 1386.238525 1386.489624 1386.812134 1387.245239 1387.658691 1387.924072 1388.004395 1388.001587 1387.955811 1388.156372 1388.535767 1388.850098 1389.167236 1389.438965 1389.654175 1389.760620 1389.737915 1389.561279 1389.289307 1388.983032 1388.631836 1388.252808 1387.897217 1387.652710 1387.427002 1387.223999 1387.142944 1387.088623 1387.106323 1387.178223 1387.235962 1387.300171 1387.372437 1387.558594 1388.291748 1390.139893 1392.956909 1397.586792 1407.033813 1425.156006 1457.711304 1495.047729 1540.160767 1573.704590 1616.101563 0.000000 0.000000 0.000000 0.000000
1383.735596 1384.051147 1384.321411 1384.584229 1384.821777 1385.027832 1385.473267 1385.776489 1386.188599 1386.602173 1386.981201 1387.223022 1387.306641 1387.300781 1387.331055 1387.625854 1387.969360 1388.277344 1388.613525 1388.867432 1389.041260 1389.100342 1389.058350 1388.887817 1388.612061 1388.368652 1388.108765 1387.776367 1387.469849 1387.243896 1387.056885 1386.897461 1386.884277 1386.843018 1386.849365 1386.944702 1387.034058 1387.121460 1387.218140 1387.410645 1387.961304 1389.311035 1391.232178 1395.349854 1405.625732 1426.171143 1456.579102 1491.299927 1528.768188 1570.328857 1608.726929 0.000000 0.000000 0.000000 0.000000
1383.629272 1383.726685 1383.861084 1384.066040 1384.262573 1384.419800 1384.595947 1385.123779 1385.533325 1385.887939 1386.195801 1386.422729 1386.540771 1386.588379 1386.681274 1386.861816 1387.116577 1387.583984 1388.087402 1388.367920 1388.517090 1388.567749 1388.544434 1388.386597 1388.056641 1387.813477 1387.652344 1387.379761 1387.083374 1386.878052 1386.710571 1386.636963 1386.650757 1386.664551 1386.740601 1386.930298 1387.134155 1387.308594 1387.518188 1387.840942 1388.446655 1389.479858 1390.675049 1394.379272 1404.849121 1424.487793 1458.565430 1493.229614 1535.807007 1569.496216 1601.252441 0.000000 0.000000 0.000000 0.000000
1384.057861 1383.736694 1383.490356 1383.584961 1383.747559 1383.906982 1384.104736 1384.398804 1384.896851 1385.169434 1385.424438 1385.660278 1385.789673 1385.861938 1385.919800 1385.822021 1385.824951 1386.576782 1387.363403 1387.770020 1387.978394 1388.058105 1388.050171 1387.931396 1387.629883 1387.341431 1387.211182 1387.027466 1386.736694 1386.540771 1386.468628 1386.462891 1386.539307 1386.668335 1386.885376 1387.223022 1387.599243 1387.920898 1388.300171 1388.856079 1389.687866 1390.730225 1391.871338 1395.828247 1405.756714 1426.901367 1459.358643 1497.334106 1535.622070 1567.632568 1595.503784 1550.000000 0.000000 0.000000 0.000000
1384.220703 1383.883057 1383.210205 1383.144287 1383.276978 1383.435425 1383.617798 1383.833984 1384.040771 1384.404053 1384.735840 1384.971191 1385.063354 1385.098877 1385.128418 1384.959351 1384.744385 1385.352539 1386.127686 1386.819092 1387.259644 1387.464233 1387.509155 1387.416870 1387.198242 1386.901978 1386.750977 1386.668579 1386.384521 1386.272827 1386.287354 1386.384399 1386.575317 1386.827393 1387.170654 1387.621582 1388.166138 1388.693359 1389.253906 1389.998901 1391.185425 1392.801636 1394.072021 1397.681030 1405.996460 1426.020020 1456.978882 1492.200928 1528.390015 1558.691284 1589.443970 1550.000000 0.000000 0.000000 0.000000
1383.492676 1383.362915 1382.787598 1382.740112 1382.848877 1382.962280 1383.079590 1383.215942 1383.367432 1383.550049 1383.922241 1384.225342 1384.292236 1384.301880 1384.306885 1384.230713 1384.111572 1384.392578 1384.897949 1385.698853 1386.359985 1386.727417 1386.857300 1386.836182 1386.718384 1386.491211 1386.300781 1386.230591 1386.109741 1386.017090 1386.083496 1386.266968 1386.603149 1386.965088 1387.376953 1387.915161 1388.661743 1389.445801 1390.230225 1391.178101 1392.632446 1394.501099 1395.998169 1398.864258 1405.309570 1421.662964 1451.212402 1486.155029 1514.832886 1550.629517 1599.273315 1550.000000 0.000000 0.000000 0.000000
1382.030518 1382.067505 1382.113647 1382.317017 1382.427368 1382.479004 1382.530396 1382.602417 1382.667236 1382.782837 1382.921021 1383.382935 1383.472656 1383.483276 1383.452881 1383.405273 1383.414063 1383.680054 1384.223999 1384.975220 1385.604126 1385.997192 1386.170654 1386.235962 1386.206543 1386.102173 1385.921143 1385.848145 1385.802856 1385.762695 1385.865356 1386.142334 1386.577637 1387.030762 1387.485962 1388.124512 1389.113037 1390.208008 1391.322266 1392.653564 1394.226318 1396.051758 1397.896729 1400.337158 1405.345581 1419.406738 1444.674683 1480.017090 1515.751587 1559.324951 1602.530396 1550.000000 0.000000 0.000000 0.000000
1381.056396 1381.134644 1381.505127 1381.843262 1381.928223 1381.944214 1381.958862 1382.009644 1382.010132 1382.031738 1382.115356 1382.298096 1382.663086 1382.672607 1382.599976 1382.540771 1382.587646 1382.974731 1383.773804 1384.620850 1385.181519 1385.469849 1385.637329 1385.749634 1385.750244 1385.713257 1385.619751 1385.513916 1385.480225 1385.517578 1385.662598 1386.005493 1386.493896 1387.003418 1387.461548 1388.148315 1389.581177 1391.075317 1392.630615 1394.375122 1396.019409 1398.081299 1400.427246 1403.043823 1407.953979 1418.672363 1440.949463 1475.577148 1510.200317 1548.437378 1589.748535 1630.173706 0.000000 0.000000 0.000000
1380.267578 1380.361816 1380.810913 1381.193237 1381.332886 1381.371704 1381.403687 1381.438354 1381.428101 1381.427246 1381.493286 1381.657349 1381.706543 1381.918335 1381.825317 1381.752563 1381.805542 1382.208374 1383.173340 1384.148438 1384.702026 1385.032593 1385.264160 1385.383789 1385.370483 1385.346558 1385.280884 1385.181885 1385.180420 1385.275879 1385.480713 1385.901611 1386.502563 1387.080078 1387.611084 1388.413818 1390.252563 1392.068970 1393.941406 1396.041016 1397.875732 1399.994263 1402.428467 1405.312256 1408.964600 1413.544067 1429.477539 1465.394653 1509.259399 1552.997192 1605.855957 1653.088257 0.000000 0.000000 0.000000
1379.351074 1379.446533 1379.934082 1380.399292 1380.686401 1380.808960 1380.884155 1380.918335 1380.931763 1380.943481 1381.001709 1381.087524 1381.100708 1381.073120 1380.959961 1381.137939 1381.230103 1381.628906 1382.402466 1383.282227 1384.004883 1384.599121 1384.902832 1384.939697 1384.932983 1384.918701 1384.858276 1384.735107 1384.819458 1384.994995 1385.335083 1385.848633 1386.596313 1387.388184 1388.259766 1389.417725 1391.181030 1393.030762 1394.972290 1397.156982 1399.256104 1401.468994 1404.057983 1407.313232 1410.058472 1412.537109 1421.221313 1458.638428 1504.033691 1541.465454 1567.862061 1606.481812 0.000000 0.000000 0.000000
1378.766479 1378.832153 1379.249756 1379.690430 1380.033203 1380.241211 1380.357788 1380.419434 1380.457764 1380.483276 1380.520020 1380.538940 1380.527344 1380.500122 1380.445923 1380.434692 1380.765869 1381.117432 1381.584717 1382.278564 1383.389038 1384.042603 1384.259155 1384.308228 1384.312500 1384.277466 1384.176025 1384.031006 1384.238770 1384.689331 1385.225098 1385.794556 1386.671265 1387.669800 1388.828247 1390.371460 1391.928223 1393.578003 1395.660645 1397.919067 1400.456909 1403.196289 1406.170044 1409.616699 1412.473755 1415.325317 1425.807129 1451.023560 1479.496094 1502.576660 1547.750000 1611.127686 0.000000 0.000000 0.000000
1378.752319 1378.945435 1378.954224 1379.245728 1379.540894 1379.769165 1379.890259 1379.955933 1380.000488 1380.028076 1380.047974 1380.055176 1380.025879 1379.958618 1379.887939 1379.820190 1379.846802 1380.374634 1380.776855 1381.579468 1382.414795 1383.095337 1383.380005 1383.468262 1383.488403 1383.390869 1383.090698 1382.742554 1383.199829 1384.199707 1384.964478 1385.646851 1386.607544 1387.700439 1389.019531 1390.649658 1392.255005 1394.016113 1396.445190 1399.026001 1402.127686 1405.385376 1408.813354 1412.449097 1416.226563 1419.655273 1426.836060 1435.866577 1460.705322 1494.574219 1541.151978 1600.469604 0.000000 0.000000 0.000000
1378.661377 1380.684814 1378.966309 1378.978394 1379.207886 1379.417114 1379.498535 1379.544189 1379.576294 1379.590576 1379.593140 1379.610718 1379.590332 1379.504028 1379.354126 1379.190918 1379.071045 1379.235840 1379.977905 1380.680542 1381.604492 1382.211426 1382.408325 1382.419800 1382.497803 1382.411865 1381.578369 1380.358032 1381.392700 1383.107056 1384.345825 1385.285400 1386.271362 1387.385864 1388.765625 1390.547974 1392.380005 1394.508911 1397.224243 1400.124146 1403.931152 1407.523315 1411.279419 1415.163086 1419.642334 1423.575439 1427.367798 1432.950928 1455.050049 1485.826538 1530.731201 1589.436035 0.000000 0.000000 0.000000
1377.955933 1379.888306 1380.145142 1378.990479 1378.967163 1379.061401 1379.093628 1379.115967 1379.145264 1379.145264 1379.141357 1379.162231 1379.162720 1379.098877 1378.889038 1378.646118 1378.403564 1378.439453 1378.618042 1379.497070 1380.313965 1380.843384 1380.915161 1380.744141 1380.898560 1380.801392 1379.577393 1378.416138 1379.464478 1381.453857 1383.304688 1384.700928 1385.786743 1386.959595 1388.287720 1390.238281 1392.470093 1395.010620 1397.824585 1401.021973 1405.239258 1408.991211 1412.936279 1417.212891 1422.453369 1427.720581 1429.847656 1437.551880 1454.534302 1477.840088 1519.056763 1570.452393 0.000000 0.000000 0.000000
1377.377319 1378.188721 1380.037476 1380.011230 1378.862183 1378.666870 1378.631592 1378.641113 1378.671631 1378.670044 1378.657349 1378.660522 1378.664185 1378.636353 1378.412842 1378.039307 1377.815063 1377.758179 1377.827759 1377.945679 1378.558838 1378.790771 1378.773193 1378.593140 1378.593994 1378.532471 1378.001465 1377.753296 1378.268555 1379.850708 1382.321289 1384.271240 1385.531616 1386.755981 1388.026611 1389.993896 1392.453247 1395.315552 1398.393555 1401.879028 1406.008789 1409.892212 1413.897827 1418.638428 1424.416748 1431.092285 1437.825806 1446.669556 1456.387207 1475.163574 1508.662476 1543.980103 0.000000 0.000000 0.000000
1376.961426 1377.546265 1378.739990 1381.379883 1378.982666 1378.319092 1378.159058 1378.120239 1378.124390 1378.133301 1378.104736 1378.084717 1378.066284 1378.000122 1377.764404 1377.466309 1377.201538 1377.061157 1377.026489 1377.076050 1377.110229 1377.416626 1377.333862 1377.239258 1377.196289 1377.191284 1377.152100 1377.265747 1377.712646 1378.833374 1381.577148 1384.294189 1385.613525 1386.747925 1388.058838 1389.896484 1392.311890 1395.302612 1398.695801 1402.428101 1406.187744 1410.270996 1414.238037 1419.086304 1425.106201 1432.412231 1440.658813 1450.135010 1457.842041 1469.638794 1495.215576 1500.981689 0.000000 0.000000 0.000000
1376.671387 1377.084351 1377.616943 1378.889893 1378.902710 1378.231201 1377.817993 1377.641968 1377.573120 1377.565308 1377.526489 1377.475586 1377.376099 1377.257202 1377.063232 1376.821777 1376.538086 1376.285034 1376.236938 1376.309570 1376.331177 1376.252563 1376.382446 1376.324097 1376.318481 1376.363403 1376.506348 1376.799316 1377.304810 1378.136230 1380.518677 1384.078369 1385.537231 1386.593750 1387.907715 1389.575928 1391.815552 1394.895264 1398.515869 1402.314575 1405.773315 1409.849731 1413.944702 1418.835083 1424.796265 1433.045410 1443.245728 1452.629272 1459.546997 1467.146240 1477.111450 1496.029297 0.000000 0.000000 0.000000
1376.420898 1376.598145 1376.875244 1377.347046 1378.083862 1378.167114 1377.793213 1377.413330 1377.114258 1377.005127 1376.934326 1376.804932 1376.685547 1376.555908 1376.386475 1376.171997 1375.925049 1375.652710 1375.584595 1375.720093 1375.674683 1375.562378 1375.393311 1375.570923 1375.610474 1375.717041 1376.019043 1376.416748 1376.969116 1377.866089 1379.986572 1383.437012 1385.047363 1386.044922 1387.308472 1388.798828 1390.744751 1393.768921 1397.625366 1401.422119 1404.834961 1408.644653 1412.833740 1417.812134 1423.858887 1433.960938 1446.338379 1454.178345 1459.453003 1464.646118 1472.280762 1508.778931 0.000000 0.000000 0.000000
1376.040894 1376.072998 1376.099121 1376.141724 1376.641968 1377.380493 1377.975830 1377.539429 1376.719849 1376.468994 1376.337402 1376.188843 1376.029785 1375.911987 1375.771118 1375.571045 1375.363037 1375.166382 1375.132813 1375.338379 1375.141602 1374.954834 1374.817993 1374.764893 1374.844360 1375.176514 1375.560547 1376.013428 1376.508789 1377.465332 1379.854736 1382.719116 1384.163086 1385.125000 1386.323364 1387.864014 1389.606445 1392.265869 1396.174805 1400.004761 1403.369141 1406.971069 1411.094360 1415.692261 1422.729126 1434.757202 1445.948486 1452.746826 1456.792603 1462.356323 1480.925537 1514.075562 0.000000 0.000000 0.000000
1375.480957 1375.490234 1375.469971 1375.383301 1375.560181 1376.296753 1377.531372 1377.745728 1376.223511 1375.946167 1375.799316 1375.640137 1375.445923 1375.320190 1375.197754 1375.024170 1374.838257 1374.692139 1374.687256 1374.774658 1374.613159 1374.409668 1374.263428 1374.208618 1374.270996 1374.469116 1375.052246 1375.448608 1375.884521 1376.760742 1378.586182 1381.412354 1382.996338 1384.001221 1385.108643 1386.871338 1388.865723 1391.411011 1394.990723 1398.647827 1401.679810 1404.755737 1408.372437 1412.223755 1420.330811 1437.891602 1445.007568 1447.136719 1450.203735 1462.110229 1481.656982 1508.758789 0.000000 0.000000 0.000000
1374.763550 1374.909424 1374.944458 1374.946045 1375.066895 1375.381836 1375.980957 1376.767334 1377.077026 1375.782715 1375.303711 1375.113281 1374.919067 1374.775269 1374.637207 1374.478638 1374.318481 1374.191772 1374.112427 1374.066406 1373.967529 1373.834229 1373.698730 1373.617310 1373.655151 1373.813232 1374.077393 1374.694702 1375.161987 1375.975586 1377.137207 1379.259521 1381.276367 1382.622070 1383.913330 1385.722290 1388.136475 1390.836426 1393.550049 1396.514893 1399.222046 1401.736450 1404.588135 1408.218140 1414.191650 1428.027466 1435.066040 1433.468872 1447.479858 1460.950073 1475.574341 1501.271362 0.000000 0.000000 0.000000
1374.048340 1374.337769 1374.475586 1374.556519 1374.669800 1374.854858 1375.073242 1375.484253 1378.039307 1376.863159 1375.151489 1374.718506 1374.441040 1374.248047 1374.100952 1373.947510 1373.779785 1373.640259 1373.538330 1373.485718 1373.392456 1373.267578 1373.133911 1373.028809 1373.024536 1373.135132 1373.298218 1373.510132 1374.321045 1375.188843 1376.205200 1377.352417 1379.004639 1381.124634 1382.844849 1384.635864 1386.956177 1389.383911 1391.337036 1393.665283 1396.285278 1398.598267 1401.030396 1404.493408 1409.229248 1416.549072 1420.869751 1424.776245 1437.456299 1457.387817 1471.920898 1493.404175 0.000000 0.000000 0.000000
1373.517334 1373.836426 1374.053101 1374.207153 1374.328735 1374.483643 1374.627197 1374.876465 1375.661621 1376.937500 1375.484741 1374.705933 1374.059814 1373.743286 1373.601196 1373.454590 1373.250977 1373.078369 1373.014404 1372.992432 1372.899536 1372.771362 1372.645874 1372.538452 1372.492798 1372.576538 1372.658813 1372.731567 1373.027588 1374.233276 1375.293823 1376.303955 1377.501465 1379.446899 1381.509277 1383.470459 1385.557983 1387.587891 1389.499390 1391.557007 1393.558960 1395.808228 1398.316528 1401.232422 1404.957520 1409.707153 1416.329102 1422.856689 1427.858521 1448.709595 1465.946411 1493.748657 0.000000 0.000000 0.000000
1373.178345 1373.475464 1373.713623 1373.916992 1374.023193 1374.146240 1374.272461 1374.459351 1374.758545 1375.309326 1375.463623 1374.821533 1373.639160 1373.204102 1373.104004 1373.002319 1372.798706 1372.589355 1372.587646 1372.626099 1372.515015 1372.388428 1372.297119 1372.207397 1372.112061 1372.185303 1372.212158 1372.238647 1372.387451 1373.016235 1374.358398 1375.373535 1376.416016 1377.845581 1379.851685 1381.978027 1383.938110 1385.842285 1387.941284 1389.915649 1391.423584 1393.141846 1395.493408 1397.674805 1399.878296 1403.816284 1411.289307 1422.257568 1428.733154 1441.664185 1463.757080 1492.388428 0.000000 0.000000 0.000000
1372.941772 1373.231445 1373.497314 1373.618774 1373.724487 1373.836792 1373.912354 1374.010498 1374.114746 1374.332397 1374.634766 1374.310181 1373.099243 1372.692017 1372.618408 1372.580811 1372.443359 1372.245972 1372.299316 1372.430420 1372.216797 1372.045288 1371.978760 1371.911377 1371.793823 1371.794922 1371.789429 1371.879761 1372.064941 1372.512695 1373.299072 1374.464844 1375.433716 1376.627197 1378.242676 1380.151489 1382.021484 1384.015259 1386.241333 1388.093018 1389.468018 1390.945679 1392.439209 1393.702515 1395.093506 1398.669556 1406.230835 1416.594604 1427.769531 1439.689087 1457.267578 0.000000 0.000000 0.000000 0.000000
