tethysapp/dam_break/data/gssha_provo_flood/ProvoStochastic.ele
north: 4458816.000000
south: 4450176.000000
east: 448204.778793
west: 437224.778793
rows: 96
cols: 122
[rows 0 to 24 of 96, columns 55 to 109 of 122]
0.000000 0.000000 0.000000 0.000000 0.000000 0.000000 0.000000 0.000000 0.000000 0.000000 0.000000 0.000000 0.000000 0.000000 0.000000 0.000000 0.000000 0.000000 0.000000 0.000000 0.000000 0.000000 0.000000 0.000000 0.000000 0.000000 0.000000 0.000000 0.000000 0.000000 0.000000 0.000000 0.000000 0.000000 0.000000 0.000000 0.000000 0.000000 0.000000 0.000000 0.000000 0.000000 0.000000 0.000000 0.000000 0.000000 0.000000 0.000000 0.000000 0.000000 0.000000 0.000000 0.000000 0.000000 0.000000
0.000000 0.000000 0.000000 0.000000 0.000000 0.000000 0.000000 0.000000 0.000000 0.000000 0.000000 0.000000 1423.856323 1423.312988 1423.786499 1424.239380 1424.586548 1424.865234 1425.045166 1425.067383 1425.022461 1425.305420 1426.146851 1432.204590 1444.750122 1450.024902 1451.680176 1452.498169 1453.283081 1454.468994 1455.817749 1458.159058 1459.210449 0.000000 0.000000 0.000000 0.000000 0.000000 0.000000 0.000000 0.000000 0.000000 0.000000 0.000000 0.000000 0.000000 0.000000 0.000000 0.000000 0.000000 0.000000 0.000000 0.000000 0.000000 0.000000
0.000000 0.000000 0.000000 0.000000 0.000000 0.000000 0.000000 0.000000 0.000000 0.000000 0.000000 1424.640991 1423.002930 1423.061890 1422.558594 1422.945801 1423.342773 1423.694946 1423.958740 1424.059692 1424.182251 1424.770630 1426.036011 1433.011841 1443.421265 1447.974854 1450.192871 1451.207031 1452.130615 1453.502075 1455.308838 1457.107788 1460.261719 1476.779053 1500.016357 1505.799072 1510.488037 0.000000 0.000000 0.000000 0.000000 0.000000 0.000000 0.000000 0.000000 0.000000 0.000000 0.000000 0.000000 0.000000 0.000000 0.000000 0.000000 0.000000 0.000000
0.000000 0.000000 0.000000 0.000000 0.000000 0.000000 0.000000 0.000000 0.000000 0.000000 0.000000 1423.875977 1422.333252 1422.778931 1421.526367 1421.800659 1422.269165 1422.737061 1422.968140 1422.990967 1423.280884 1424.442505 1427.339600 1437.997437 1443.270996 1446.720215 1448.907837 1450.048340 1451.169678 1452.724976 1454.875000 1457.114014 1460.726318 1486.104492 1496.845215 1502.883301 1508.204346 1512.961060 1516.639526 1519.877197 1523.817993 0.000000 0.000000 0.000000 0.000000 0.000000 0.000000 0.000000 0.000000 0.000000 0.000000 0.000000 0.000000 0.000000 0.000000
0.000000 0.000000 0.000000 0.000000 0.000000 0.000000 0.000000 0.000000 0.000000 0.000000 0.000000 1423.094116 1421.772339 1421.692139 1421.443604 1420.744019 1421.361084 1421.971191 1422.141235 1421.877075 1422.165649 1423.759888 1430.733276 1440.440308 1443.868286 1446.373047 1448.195435 1449.362305 1450.580566 1452.254272 1454.500244 1456.989868 1460.507935 1475.996338 1490.030396 1499.009155 1505.902954 1511.085083 1514.479004 1515.533691 1517.397583 1520.436523 1526.058350 1542.977905 1576.680054 0.000000 0.000000 0.000000 0.000000 0.000000 0.000000 0.000000 0.000000 0.000000 0.000000
0.000000 0.000000 0.000000 0.000000 0.000000 0.000000 0.000000 0.000000 0.000000 0.000000 1423.185181 1422.134521 1421.184814 1420.495972 1420.474365 1419.514893 1420.388428 1421.174194 1421.377075 1421.077759 1421.173828 1422.248657 1428.587891 1441.993164 1444.974731 1446.615479 1447.912964 1449.024536 1450.294922 1451.974487 1454.200317 1456.698975 1459.755127 1466.170166 1481.464355 1495.791992 1503.315430 1506.901855 1510.544189 1507.946655 1509.038452 1513.597656 1521.001953 1543.481079 1568.434326 1597.920532 0.000000 0.000000 0.000000 0.000000 0.000000 0.000000 0.000000 0.000000 0.000000
0.000000 0.000000 0.000000 0.000000 0.000000 0.000000 0.000000 0.000000 0.000000 0.000000 1421.541138 1420.914673 1420.271851 1419.348145 1419.685913 1418.472534 1419.347290 1420.165405 1420.400391 1420.291016 1420.461182 1421.514404 1430.890991 1444.203003 1445.938965 1446.844116 1447.736084 1448.792725 1450.119507 1451.788086 1454.070801 1456.525757 1459.329956 1464.003662 1477.083862 1492.178345 1499.259155 1496.765015 1496.753418 1498.844604 1502.861572 1512.598145 1524.049561 1541.071533 1556.134033 1584.822876 1634.884888 0.000000 0.000000 0.000000 0.000000 0.000000 0.000000 0.000000 0.000000
0.000000 0.000000 0.000000 0.000000 0.000000 0.000000 0.000000 0.000000 0.000000 1424.419189 1420.863647 1419.976807 1419.269043 1418.377197 1418.620728 1417.580322 1418.373169 1419.117676 1419.516602 1419.787109 1420.300903 1421.933960 1432.300781 1443.375977 1445.901489 1446.541138 1447.103638 1448.200317 1449.845703 1451.721680 1454.260742 1457.031372 1460.099609 1464.930054 1474.751221 1485.045166 1488.427734 1487.024536 1488.118042 1499.426147 1509.421997 1514.960693 1524.286987 1538.323364 1549.376587 1575.289307 1617.515259 1654.535278 0.000000 0.000000 0.000000 0.000000 0.000000 0.000000 0.000000
0.000000 0.000000 0.000000 0.000000 0.000000 0.000000 0.000000 0.000000 0.000000 1424.686646 1420.968140 1419.553345 1418.484009 1417.540771 1417.910278 1416.776611 1417.581543 1418.384888 1419.092041 1419.720581 1420.569458 1422.812500 1431.803833 1441.451050 1444.824951 1445.753418 1446.009155 1447.296387 1449.542236 1451.807129 1454.760254 1458.042725 1461.600586 1466.133667 1472.278076 1477.007568 1481.425293 1485.880981 1488.942505 1500.076660 1511.307739 1517.536621 1524.379150 1536.051270 1551.859497 1571.029175 1600.042725 1633.671387 1678.249390 0.000000 0.000000 0.000000 0.000000 0.000000 0.000000
0.000000 0.000000 0.000000 0.000000 0.000000 0.000000 0.000000 0.000000 1430.054321 1424.237427 1420.921997 1419.219116 1417.867065 1416.817017 1417.037964 1416.114258 1416.944336 1417.827881 1418.931885 1419.991333 1421.155273 1424.234741 1432.472900 1439.834229 1442.878174 1444.106445 1444.873657 1446.662598 1449.493530 1452.175171 1455.422852 1459.076782 1463.002563 1466.868530 1470.773315 1474.252075 1479.472656 1486.288696 1491.775391 1504.898682 1512.576050 1519.043945 1524.909424 1534.650879 1550.797119 1569.171021 1594.364258 1631.855347 1681.901367 1738.585571 0.000000 0.000000 0.000000 0.000000 0.000000
0.000000 0.000000 0.000000 0.000000 0.000000 0.000000 0.000000 0.000000 1426.750977 1423.277222 1420.566406 1418.708130 1417.211426 1416.161133 1416.270874 1415.618164 1416.272339 1417.112305 1418.495972 1420.205078 1421.982422 1425.134766 1432.779663 1439.113281 1440.399170 1441.587036 1444.584229 1446.974976 1450.036987 1452.944336 1456.095703 1459.859375 1463.831299 1467.429565 1470.838013 1474.389404 1478.971924 1485.866455 1489.947144 1498.161621 1509.003052 1515.992065 1524.369629 1531.723022 1545.516113 1561.050049 1584.941040 1628.101196 1683.065430 1742.108887 1808.283203 1856.830933 1921.366699 1938.435669 1937.572510
0.000000 0.000000 0.000000 0.000000 0.000000 0.000000 0.000000 0.000000 1424.789307 1422.585083 1420.149658 1417.865601 1416.438599 1415.472168 1415.716309 1415.129639 1415.642578 1416.331787 1417.312744 1421.733887 1424.295898 1428.354370 1431.339478 1435.426392 1439.350586 1442.328003 1445.383179 1447.840698 1450.677124 1453.547974 1456.635376 1460.477661 1464.369995 1467.815552 1471.271851 1475.003052 1480.385864 1485.041138 1490.049316 1495.901978 1503.199951 1511.279297 1517.055786 1524.009277 1537.005005 1549.587402 1567.732056 1616.566772 1660.428711 1730.686279 1792.262329 1850.999878 1878.377197 1886.989258 1844.259888
0.000000 0.000000 0.000000 0.000000 0.000000 0.000000 0.000000 1424.868286 1422.950562 1421.636841 1418.768555 1416.427002 1415.538086 1414.833496 1414.929810 1414.417603 1415.339111 1415.875000 1417.854126 1420.042358 1422.301147 1425.836914 1431.197754 1437.375854 1440.356567 1443.637939 1446.262085 1449.864502 1452.371094 1455.850952 1458.751465 1463.070190 1466.157349 1470.476318 1473.574829 1478.632446 1482.494263 1488.013550 1492.272461 1498.386719 1500.123535 1505.756470 1513.465698 1519.413330 1529.003418 1543.935913 1563.740845 1611.168945 1654.557007 1721.560913 1790.641724 1807.864624 1804.289063 1843.680420 1796.090576
0.000000 0.000000 0.000000 0.000000 0.000000 0.000000 0.000000 1423.203003 1421.170532 1418.449341 1416.716187 1415.024902 1414.482788 1413.963867 1414.352051 1413.561279 1414.902832 1415.324829 1416.421143 1417.890259 1421.556396 1424.499878 1429.444702 1437.641724 1441.148315 1443.204346 1445.240356 1447.072266 1449.355957 1452.189575 1455.884399 1460.113037 1464.088501 1467.768433 1472.726318 1476.808838 1481.092896 1485.735474 1490.717529 1496.553223 1507.062744 1511.332764 1517.365112 1523.063599 1527.232788 1539.565918 1558.790161 1603.157349 1655.684937 1711.116699 1753.323975 1743.382446 1733.180786 1786.902344 1744.956543
0.000000 0.000000 0.000000 0.000000 0.000000 0.000000 1424.304443 1422.353516 1419.598145 1416.072510 1414.633911 1414.092651 1413.566162 1413.168579 1413.527344 1413.064697 1413.776489 1414.455688 1415.635864 1415.775879 1419.332153 1422.599243 1426.485718 1436.178467 1440.979614 1442.734131 1444.130249 1445.653320 1448.018677 1451.152832 1455.082642 1459.387939 1463.056030 1468.481689 1472.605957 1476.785767 1481.149780 1485.815308 1490.960938 1496.843994 1506.174194 1512.440918 1515.638916 1522.020996 1531.944336 1536.571167 1554.819336 1595.961792 1631.717529 1667.926147 1648.440063 1651.482056 1642.830811 1662.115845 1661.583008
0.000000 0.000000 0.000000 0.000000 0.000000 0.000000 1423.480103 1422.246216 1418.652832 1414.956543 1413.678833 1412.952271 1412.721924 1412.301758 1411.838257 1412.909912 1412.520996 1414.010742 1413.996216 1414.317505 1417.022217 1421.048828 1425.476563 1435.707520 1440.620117 1441.695313 1442.503784 1444.241333 1446.951416 1450.635254 1454.615723 1459.711426 1464.089722 1468.158325 1472.364624 1476.646973 1481.042480 1485.864502 1491.364258 1497.605347 1505.697144 1513.539429 1518.902832 1525.382324 1532.921143 1541.822998 1551.445923 1563.747681 1588.331909 1607.240479 1602.890503 1600.191040 1611.260864 1619.122437 1631.832031
0.000000 0.000000 0.000000 0.000000 0.000000 1421.513062 1422.093872 1421.468262 1417.679565 1414.342041 1412.950195 1412.080078 1411.518799 1411.411987 1411.475342 1412.035522 1412.278198 1413.147217 1413.674805 1414.638916 1416.674561 1420.520630 1425.413452 1436.666748 1439.626343 1439.857178 1440.507446 1443.219116 1446.445190 1450.332886 1455.030029 1459.578369 1463.820068 1467.739136 1471.873657 1476.190552 1480.557861 1485.495728 1491.177490 1498.899292 1506.172241 1513.885010 1521.955322 1527.704834 1536.765991 1545.159912 1553.578613 1561.843994 1571.376709 1578.599487 1589.243408 1595.088135 1618.226318 1647.786865 1694.936157
0.000000 0.000000 0.000000 0.000000 0.000000 1420.932251 1420.351440 1419.411499 1416.577393 1413.669067 1411.985229 1411.081055 1410.576782 1410.279663 1411.115479 1411.274170 1412.203857 1412.619507 1414.202515 1415.548218 1417.395630 1420.744995 1425.259888 1434.238892 1436.603394 1437.431030 1439.285400 1442.702637 1446.288452 1450.653809 1454.840454 1458.973755 1463.189697 1466.911865 1470.827515 1475.139282 1479.381958 1483.972778 1489.347168 1498.335327 1505.799927 1526.734741 1537.429932 1540.822754 1545.341064 1553.890015 1557.090210 1562.785767 1569.235718 1574.572388 1591.456177 1618.908569 1655.297363 1694.553467 1765.415283
0.000000 0.000000 0.000000 0.000000 0.000000 1420.016602 1418.879517 1417.514893 1415.118774 1412.333862 1410.705566 1409.972290 1409.691406 1409.548584 1410.433472 1410.966919 1410.730469 1412.089478 1414.187744 1416.176758 1418.138916 1420.997192 1424.860962 1429.401978 1433.060059 1436.115356 1439.299072 1442.610596 1447.449707 1450.582031 1453.994263 1457.682373 1461.759766 1465.377441 1468.973633 1473.314819 1477.438843 1481.886719 1487.693970 1498.212769 1515.544556 1537.541016 1545.862671 1548.498169 1550.766846 1558.811523 1568.449097 1595.974609 1587.646973 1596.766479 1626.030273 1662.972900 1711.857910 1718.583618 1813.726196
0.000000 0.000000 0.000000 0.000000 1420.361938 1419.203003 1418.062378 1416.624756 1412.754883 1410.318359 1409.355835 1408.958618 1409.065552 1409.064453 1409.441650 1410.108765 1409.328125 1411.097412 1413.306396 1415.396118 1417.864136 1420.767334 1424.105957 1427.662354 1432.399048 1436.793335 1439.689331 1443.018066 1446.132935 1449.493652 1452.499634 1455.471069 1459.531982 1462.975586 1466.384277 1470.599731 1474.565552 1478.941772 1485.613770 1498.897827 1519.464355 1534.284180 1539.523804 1547.871704 1552.057983 1560.099976 1566.138916 1615.636353 1648.041382 1657.247192 1681.226563 1716.951294 1764.637695 1790.924316 1908.824463
0.000000 0.000000 0.000000 0.000000 1420.105957 1418.869263 1417.631958 1416.190063 1412.530396 1409.353149 1408.384155 1408.091675 1408.314331 1408.463257 1408.709106 1408.970703 1408.587646 1409.760376 1412.513550 1414.765747 1417.290649 1420.126587 1423.277222 1427.388306 1435.152832 1438.620728 1440.452515 1442.582275 1445.633057 1447.968872 1450.526245 1453.214966 1457.054199 1460.564941 1463.994385 1467.573120 1471.269409 1475.251831 1483.000610 1496.398804 1512.460205 1529.178101 1535.581055 1548.918701 1559.934692 1561.181763 1561.344482 1596.267212 1644.500000 1684.130493 1717.320557 1759.725464 1799.550659 1853.925903 1913.940796
0.000000 0.000000 0.000000 1422.093262 1420.377686 1418.765625 1417.448486 1415.866455 1411.481567 1408.199829 1407.434448 1407.157593 1407.150146 1407.099365 1407.658325 1408.155640 1408.043945 1409.672119 1411.857544 1414.643921 1416.916748 1419.291382 1422.312622 1426.959106 1437.925903 1439.415527 1440.918213 1442.019287 1443.873535 1445.962402 1448.737671 1452.033569 1455.044312 1458.166016 1461.233765 1464.412964 1467.969849 1471.544922 1478.768066 1493.145752 1508.955811 1524.595947 1531.849976 1542.857422 1560.011719 1562.695679 1566.318115 1580.912109 1637.779419 1691.490601 1732.177856 1764.637329 1806.051392 1859.373657 1906.845825
0.000000 0.000000 0.000000 1421.924683 1419.965210 1418.197021 1417.258911 1415.561401 1407.567749 1406.049072 1406.150757 1406.105347 1405.947876 1405.769775 1406.894653 1406.991699 1407.720093 1409.392212 1410.986084 1413.407104 1416.124023 1418.212646 1420.603271 1423.848633 1430.140137 1437.933594 1438.720581 1439.351929 1440.815308 1444.458008 1447.625488 1450.337036 1452.843628 1455.443115 1458.191650 1461.331665 1464.669556 1467.952026 1474.289063 1488.152222 1501.975464 1519.747559 1528.151489 1536.329834 1555.267090 1563.056885 1568.013184 1581.175903 1625.363159 1667.922974 1703.834106 1763.259644 1828.846680 1891.591797 1936.748413
0.000000 0.000000 0.000000 1421.492920 1418.819702 1416.907471 1416.611328 1414.773682 1405.817505 1404.566162 1404.894653 1405.055542 1404.952515 1404.746216 1405.820313 1405.956787 1407.222534 1408.648071 1409.725708 1411.973633 1414.224243 1416.699585 1418.970337 1421.412476 1426.135010 1430.614136 1434.771362 1438.432617 1440.514771 1443.652100 1446.388794 1448.319458 1450.174683 1452.389160 1455.015015 1458.087891 1460.959106 1463.623047 1468.985840 1480.287231 1493.423096 1511.266113 1521.682495 1530.866699 1548.835938 1560.073730 1567.448853 1578.840332 1616.212524 1668.301025 1719.644409 1782.124390 1848.237915 1904.855225 1963.316528
0.000000 0.000000 1422.738159 1420.934326 1418.588257 1416.317505 1415.608154 1413.319458 1404.592041 1403.729614 1404.004272 1404.196045 1404.178101 1404.000977 1405.077026 1404.329712 1406.212036 1407.617798 1408.784790 1410.695313 1412.678101 1414.535156 1416.651245 1418.624146 1422.051880 1426.639893 1435.334351 1438.230713 1439.788208 1442.350342 1444.595947 1445.757446 1447.154419 1449.427490 1452.103394 1454.877075 1457.076050 1459.279785 1463.182007 1471.519165 1484.658936 1499.450562 1509.489624 1530.403320 1546.263062 1557.377197 1567.660400 1580.583374 1603.605347 1653.941895 1725.801636 0.000000 0.000000 0.000000 0.000000
