tethysapp/dam_break/data/gssha_provo_flood/ProvoStochastic.ele
north: 4458816.000000
south: 4450176.000000
east: 448204.778793
west: 437224.778793
rows: 96
cols: 122
[rows 25 to 49 of 96, columns 0 to 54 of 122]
0.000000 0.000000 0.000000 0.000000 0.000000 0.000000 1367.892090 1367.781738 1369.047119 1369.736816 1370.376831 1370.999512 1371.584473 1372.139648 1372.751953 1373.433350 1374.111084 1374.782227 1375.448608 1376.115723 1376.782227 1377.413696 1378.014160 1378.662842 1379.643433 1381.066895 1382.386719 1383.194580 1383.910767 1384.907715 1386.085938 1387.110229 1388.333008 1389.306519 1390.689575 1393.019531 0.000000 0.000000 0.000000 0.000000 0.000000 0.000000 0.000000 0.000000 0.000000 0.000000 0.000000 0.000000 0.000000 0.000000 0.000000 0.000000 0.000000 0.000000 0.000000
0.000000 0.000000 0.000000 0.000000 0.000000 0.000000 0.000000 1367.778198 1369.067627 1369.790527 1370.437988 1371.047729 1371.584595 1372.027954 1372.551880 1373.192749 1373.860596 1374.496094 1375.124878 1375.734131 1376.321899 1376.885620 1377.452148 1378.025757 1378.805542 1380.264771 1381.690186 1382.457520 1383.156372 1384.166748 1385.470459 1386.546631 1387.441406 1388.295532 1389.351929 1391.257080 1395.051147 1399.002441 1402.840454 1406.262573 0.000000 0.000000 0.000000 0.000000 0.000000 0.000000 0.000000 0.000000 0.000000 0.000000 0.000000 0.000000 1423.693970 1423.565918 1422.750610
0.000000 0.000000 0.000000 0.000000 0.000000 0.000000 0.000000 1367.774536 1367.770996 1370.097900 1370.858154 1371.548950 1372.043579 1372.280762 1372.583618 1373.070679 1373.642944 1374.208130 1374.772583 1375.333130 1375.887939 1376.446777 1377.013062 1377.604736 1378.265747 1379.298340 1380.571777 1381.532959 1382.454834 1383.651123 1384.848267 1385.838867 1386.713257 1387.489380 1388.320557 1389.428589 1392.328979 1397.314331 1402.405518 1405.838745 1408.831543 1411.556152 1413.938110 1415.975830 1417.345581 0.000000 0.000000 0.000000 1421.081543 1421.656128 1422.129028 1422.452148 1422.808838 1422.785522 1422.055176
0.000000 0.000000 0.000000 0.000000 0.000000 0.000000 0.000000 0.000000 1367.767334 1370.615112 1371.507935 1372.198120 1372.574219 1372.606689 1372.668091 1372.928955 1373.380615 1373.895630 1374.434326 1374.978149 1375.516724 1376.079346 1376.640259 1377.244629 1377.897827 1378.672119 1379.709839 1380.723267 1382.122559 1383.054565 1384.151611 1385.220947 1386.054077 1386.732178 1387.451660 1388.344971 1389.611938 1393.862549 1400.765503 1405.075317 1407.925659 1410.664429 1413.295654 1415.502930 1416.850830 1417.827881 1418.613037 1419.349487 1419.976318 1420.489258 1420.885376 1421.310547 1421.875854 1422.060547 1421.468628
0.000000 0.000000 0.000000 0.000000 0.000000 0.000000 0.000000 0.000000 1367.763794 1367.760132 1372.051880 1372.534790 1372.712891 1372.619141 1372.495239 1372.598511 1373.043701 1373.568604 1374.114136 1374.647949 1375.159790 1375.714844 1376.275269 1376.877808 1377.553833 1378.310181 1379.122192 1380.334229 1381.239746 1382.278687 1383.410034 1384.482910 1385.289185 1385.916870 1386.560181 1387.390015 1388.573242 1390.692017 1397.862793 1403.733765 1406.949829 1409.917847 1412.878906 1415.239014 1416.515381 1417.305786 1417.941772 1418.547363 1419.050537 1419.500854 1419.913452 1420.359375 1420.852539 1421.038330 1420.593018
0.000000 0.000000 0.000000 0.000000 0.000000 0.000000 0.000000 0.000000 1367.752930 1367.756592 1372.178955 1372.526978 1372.513794 1372.370728 1372.188354 1372.219727 1372.686157 1373.241577 1373.796753 1374.330444 1374.838379 1375.366455 1375.931396 1376.515869 1377.167847 1377.809570 1378.737793 1379.559326 1380.446533 1381.430176 1382.494019 1383.505249 1384.339355 1385.043701 1385.719116 1386.490356 1387.601440 1389.373169 1393.503662 1401.679565 1405.653564 1408.794678 1412.006714 1414.616943 1416.013428 1416.768921 1417.285156 1417.736694 1418.178711 1418.630371 1419.027344 1419.355469 1419.599854 1419.585449 1419.225708
0.000000 0.000000 0.000000 0.000000 0.000000 0.000000 0.000000 0.000000 1367.749390 1371.131470 1371.818115 1372.082275 1372.071167 1371.989258 1371.880859 1371.878784 1372.286011 1372.890137 1373.460938 1374.011597 1374.537231 1375.066772 1375.609131 1376.159058 1376.905151 1377.503784 1378.145142 1378.817749 1379.640259 1380.528198 1381.474976 1382.430786 1383.293701 1384.103516 1384.917603 1385.752319 1386.699829 1387.980713 1390.131958 1396.094604 1403.950806 1407.388794 1410.561890 1413.366699 1415.178711 1416.109985 1416.546387 1416.874146 1417.313843 1417.798340 1418.151611 1418.233521 1418.021729 1417.778564 1417.527954
0.000000 0.000000 0.000000 0.000000 0.000000 0.000000 0.000000 1367.686401 1367.745850 1370.814819 1371.203735 1371.379883 1371.445068 1371.545410 1371.553589 1371.516113 1371.780396 1372.483154 1373.136597 1373.701782 1374.241699 1374.784302 1375.319092 1375.959595 1376.451294 1376.990234 1377.559448 1378.163330 1378.823486 1379.604858 1380.464722 1381.383789 1382.281250 1383.152100 1384.011597 1384.900269 1385.792236 1386.897217 1388.434448 1392.017578 1400.125122 1405.767578 1408.686401 1411.424561 1413.718140 1415.161621 1415.605103 1415.904663 1416.402100 1416.945923 1417.359131 1417.356689 1416.747803 1416.142822 1415.840576
0.000000 0.000000 0.000000 0.000000 0.000000 0.000000 0.000000 1367.683838 1367.742188 1370.745239 1370.916626 1371.047363 1371.105713 1371.271484 1371.268311 1370.977051 1370.913818 1371.837280 1372.789917 1373.424316 1373.986938 1374.504883 1375.218018 1375.640625 1375.997803 1376.440063 1376.965698 1377.517334 1378.052246 1378.689819 1379.451050 1380.430298 1381.448242 1382.354248 1383.176025 1383.969727 1384.790405 1385.833984 1387.309326 1389.598511 1396.423218 1402.659180 1407.043579 1409.442383 1411.662109 1413.430908 1414.197266 1414.798462 1415.544067 1416.166138 1416.656372 1416.756958 1416.091309 1414.930664 1414.096436
0.000000 0.000000 0.000000 0.000000 0.000000 0.000000 0.000000 1367.681274 1367.678711 1367.832153 1371.042114 1371.177490 1371.228149 1371.302124 1371.135742 1370.386963 1369.759766 1370.780884 1372.184814 1373.082153 1373.839844 1374.468262 1374.977661 1375.274170 1375.426514 1375.814575 1376.291870 1376.792847 1377.303345 1377.790161 1378.368164 1379.420288 1380.778076 1381.842651 1382.618652 1383.294312 1383.958740 1384.749634 1385.825439 1387.730347 1391.723389 1398.168091 1405.662598 1408.017822 1410.196533 1411.610107 1412.504639 1413.435181 1414.391602 1415.198608 1415.737427 1415.824463 1415.366943 1414.194824 1412.958374
0.000000 0.000000 0.000000 0.000000 0.000000 0.000000 1369.977539 1367.759277 1367.676147 1367.673584 1371.045166 1371.356567 1371.388550 1371.409058 1371.227417 1370.434937 1369.599487 1369.588989 1371.257813 1372.791016 1373.471802 1373.976563 1374.373047 1374.653931 1374.872559 1375.310791 1375.751709 1376.208008 1376.637573 1376.905151 1377.219360 1378.229492 1379.872192 1381.270386 1382.162354 1382.813721 1383.418213 1384.050781 1384.762695 1386.667358 1389.389038 1392.877686 1399.944580 1403.219116 1409.110352 1410.781128 1411.448975 1412.374878 1413.326904 1414.097778 1414.522217 1414.507324 1414.093018 1413.188843 1412.489502
0.000000 0.000000 0.000000 0.000000 0.000000 0.000000 1369.717041 1369.848389 1369.848389 1367.671021 1370.883179 1371.443115 1371.425537 1371.404663 1371.293945 1370.763306 1369.788086 1369.578491 1370.522583 1372.016113 1372.949951 1373.340210 1373.460327 1373.751465 1374.310791 1374.882813 1375.335815 1375.771362 1376.146484 1376.175903 1376.142822 1377.117065 1378.768677 1380.240234 1381.404419 1382.133667 1382.683594 1383.314819 1384.012817 1385.791992 1389.635254 1389.125244 1393.807251 1398.822876 1404.300415 1409.422607 1410.694580 1411.715942 1412.635498 1413.043091 1413.115234 1413.041626 1412.618408 1411.544189 1410.993286
0.000000 0.000000 0.000000 0.000000 0.000000 1369.566284 1369.585693 1369.612427 1367.929443 1367.668335 1370.686890 1371.259521 1371.229004 1371.226807 1371.147583 1370.849121 1370.313721 1369.567871 1369.480713 1370.691528 1372.117554 1372.762207 1372.688599 1373.008057 1373.762817 1374.442505 1374.920654 1375.340942 1375.757813 1375.807495 1375.718506 1376.316406 1377.638794 1378.824707 1380.093994 1381.149902 1381.861450 1382.622314 1383.467041 1384.952881 1389.735962 1386.786865 1389.354980 1394.934570 1399.520996 1404.225098 1409.436035 1410.925293 1411.754883 1411.852905 1411.573730 1411.457520 1411.165161 1409.135132 1406.499512
0.000000 0.000000 0.000000 0.000000 1369.580933 1368.026611 1368.002319 1367.978027 1367.953735 1367.665771 1367.663208 1367.660645 1371.021729 1371.010986 1370.900635 1370.564697 1370.153687 1369.655151 1369.343384 1369.421265 1370.753784 1372.135010 1372.420898 1372.852661 1373.422607 1374.022095 1374.528931 1374.971802 1375.441162 1375.689819 1375.669312 1375.829834 1376.692627 1377.635010 1378.549561 1379.734253 1380.919678 1381.958984 1382.971924 1384.832031 1388.873291 1384.970337 1386.919556 1390.683105 1395.498901 1399.868896 1405.733643 1409.746826 1410.596802 1410.769287 1410.541870 1410.206177 1409.289307 1398.374268 1391.818359
0.000000 0.000000 0.000000 0.000000 1368.075195 1368.050903 1367.640137 1367.642700 1367.650391 1367.652954 1367.655518 1367.658081 1370.837158 1370.781738 1370.606323 1370.382446 1370.023682 1369.653320 1369.141846 1369.187500 1369.937256 1371.715332 1372.449463 1372.835815 1373.208984 1373.650146 1374.141357 1374.621460 1375.092529 1375.443726 1375.558716 1375.536011 1376.092041 1376.886841 1377.645874 1378.547852 1379.793579 1381.129150 1382.376587 1384.536621 1388.682373 1384.184082 1385.154297 1387.486572 1390.858398 1395.584106 1400.761230 1405.751587 1408.677002 1409.162354 1408.994507 1408.418213 1406.084961 1392.168701 1389.430542
0.000000 0.000000 0.000000 1368.123779 1368.099487 1368.125610 1367.637451 1367.645264 1367.647827 1369.630249 1370.334351 1370.724365 1370.612061 1370.499512 1370.380493 1370.154785 1368.730713 1368.776367 1369.096191 1369.420898 1370.028198 1371.468140 1372.197510 1372.595703 1372.979248 1373.346191 1373.755981 1374.239624 1374.675171 1374.993896 1375.148804 1375.247192 1375.721191 1376.385620 1377.045654 1377.807007 1378.865601 1380.350464 1381.788696 1383.600952 1386.290894 1384.107300 1383.972534 1385.304565 1387.092041 1390.557861 1396.007324 1400.605957 1404.141846 1407.104858 1407.047241 1405.708984 1402.617554 1389.375244 1387.890259
0.000000 0.000000 0.000000 1369.058716 1368.194458 1368.160034 1367.634888 1369.609863 1368.228271 1368.365356 1368.411011 1368.456665 1368.502319 1368.547974 1368.593750 1368.639404 1368.685059 1368.822021 1369.050415 1369.759155 1370.367676 1371.236328 1371.850464 1372.318481 1372.720459 1373.051514 1373.366943 1373.807251 1374.222656 1374.492188 1374.647705 1374.894897 1375.364746 1375.915771 1376.474243 1377.209961 1378.178589 1379.420532 1380.821289 1381.985474 1386.580811 1384.690796 1383.381592 1383.527344 1384.350220 1386.278564 1389.921143 1393.334717 1397.074829 1400.650513 1402.960205 1395.868530 1389.942993 1387.440308 1387.079468
0.000000 0.000000 1369.350708 1369.204712 1368.228760 1368.263184 1367.632324 1367.629761 1368.273926 1368.319580 1370.291138 1370.331055 1368.916504 1368.950928 1369.970093 1369.849854 1369.585815 1368.867798 1369.004761 1369.967285 1370.659668 1371.340698 1371.861450 1372.258301 1372.561401 1372.727295 1372.995728 1373.405884 1373.779663 1374.046875 1374.223633 1374.525879 1374.932129 1375.346924 1375.869019 1376.660034 1377.607056 1378.635864 1379.783203 1380.648193 1383.195801 1384.548828 1383.203125 1382.460815 1382.491333 1383.117065 1385.151123 1386.267822 1387.919800 1387.353516 1387.448853 1386.917725 1386.644775 1386.258789 1386.384521
0.000000 0.000000 1369.496704 1369.597290 1368.372559 1367.622070 1367.624634 1367.627197 1368.744629 1368.779053 1368.813354 1368.847778 1368.882202 1368.985352 1369.817993 1369.759155 1369.620605 1368.913452 1368.959106 1370.204224 1370.927368 1371.633911 1372.207031 1372.454590 1372.467773 1372.535156 1372.801025 1373.173218 1373.448853 1373.648071 1373.819214 1374.110718 1374.435547 1374.835205 1375.388428 1376.208252 1377.166504 1378.183228 1379.079590 1379.788940 1380.733765 1383.144043 1382.859863 1381.983765 1381.733398 1381.830933 1382.533203 1383.935547 1384.031494 1383.382080 1383.423218 1384.048218 1385.155640 1385.420288 1385.902954
0.000000 1367.604004 1367.606689 1367.609253 1367.611816 1367.619507 1368.366333 1368.675781 1368.710205 1369.525513 1369.923096 1369.860596 1369.743042 1369.019775 1369.713135 1369.713623 1369.741577 1369.962280 1370.308228 1370.706909 1371.264404 1371.869751 1372.378418 1372.346191 1372.056519 1372.373535 1372.717529 1372.994751 1373.183472 1373.255249 1373.325439 1373.552368 1373.950806 1374.464966 1375.094604 1375.896240 1376.686646 1377.511963 1378.277710 1378.968872 1379.631104 1380.712891 1381.648193 1381.674927 1381.534302 1381.605103 1381.730347 1382.821411 1383.293091 1382.064819 1382.257813 1383.639526 1384.840454 1385.310547 1386.699585
0.000000 1367.601440 1369.563354 1369.554321 1367.614380 1367.616943 1368.469482 1368.641479 1369.432373 1369.536621 1369.711792 1369.122925 1369.088501 1369.054077 1369.767456 1369.881104 1370.057007 1370.298584 1370.621582 1370.990112 1371.081055 1371.121582 1371.873413 1371.283447 1371.323853 1371.973633 1372.515015 1372.779419 1372.868774 1372.750854 1372.677368 1372.771851 1373.302124 1374.031738 1374.826172 1375.602173 1375.962036 1376.367798 1376.932129 1377.701294 1378.484375 1379.023560 1380.007202 1381.353760 1381.482788 1381.333374 1381.492920 1381.761719 1382.530518 1381.871704 1382.450928 1383.492310 1384.623169 1385.862061 1386.048096
0.000000 1367.598877 1368.897339 1369.595581 1369.588623 1369.583008 1368.503906 1368.607056 1369.397949 1369.666016 1369.695313 1369.157227 1369.695190 1369.840942 1369.962402 1370.054810 1370.073486 1370.092163 1370.573364 1370.856812 1371.040649 1371.161987 1371.202515 1371.242920 1371.593872 1371.605957 1371.865234 1372.428589 1372.447876 1372.041748 1371.844849 1371.806885 1372.255249 1373.204590 1374.283813 1374.735229 1374.594360 1374.615845 1374.898804 1375.621338 1376.837646 1378.060547 1379.246338 1380.686890 1381.364746 1381.042358 1380.639771 1381.420410 1381.601074 1381.738159 1382.197876 1382.918701 1384.641968 1385.148071 1385.421997
0.000000 1367.596313 1368.972412 1369.610718 1369.610474 1369.603760 1368.538330 1368.572632 1369.363647 1369.329224 1369.294800 1369.191650 1369.737061 1369.808105 1369.960205 1370.824341 1370.851196 1370.110962 1370.129639 1370.557495 1371.233032 1371.339233 1371.596313 1373.982666 1372.996094 1371.647217 1371.671387 1371.831421 1371.679077 1371.714111 1371.714478 1371.713501 1371.714111 1371.848877 1372.858032 1372.915649 1372.601685 1372.588135 1372.688232 1372.878174 1374.803833 1377.623169 1379.003662 1379.665405 1378.678223 1379.760254 1380.090576 1381.548950 1381.947632 1382.602661 1383.216675 1383.772095 1384.495972 1384.481934 1385.037964
1367.591187 1367.593750 1369.047363 1369.598999 1369.461426 1369.500488 1369.539673 1370.319458 1370.397583 1370.466187 1369.260376 1369.226074 1369.950195 1369.879150 1370.773682 1370.775269 1370.881592 1370.914429 1370.148315 1371.119019 1371.121826 1371.230469 1373.520142 1374.564819 1374.749268 1373.616333 1371.673340 1371.675293 1371.677124 1371.713501 1371.724609 1371.735840 1371.758179 1371.942871 1372.121094 1372.248413 1372.428955 1372.574585 1372.788330 1373.280396 1374.152954 1375.385864 1376.257080 1377.452637 1378.482422 1381.243164 1381.383789 1381.489746 1381.668945 1381.866089 1382.290527 1382.705566 1383.417847 1384.072144 1384.637695
1367.588623 1367.586060 1369.122314 1369.197266 1369.422241 1370.160156 1370.226196 1370.262207 1369.973633 1370.163086 1370.524170 1370.570679 1370.260498 1370.687744 1370.717163 1371.265991 1370.777710 1370.673706 1370.436523 1370.724854 1371.013062 1371.859985 1373.903320 1374.378662 1374.597534 1374.674316 1374.194336 1373.481201 1373.342285 1373.760132 1372.668823 1373.810669 1374.339233 1374.054565 1374.184937 1373.246216 1374.037842 1375.358643 1376.630493 1377.029663 1377.034058 1377.979736 1378.673828 1379.175537 1380.281982 1381.199463 1381.590088 1381.542358 1381.615601 1381.749146 1382.088745 1382.566162 1383.128052 1383.700806 1384.250732
